1.05265 
1.50059 
1.93676 
2.04894 
1.95909 
1.65596 
1.22365 
0.727963 
0.244456 
-0.17192 
-0.487533 
-0.695836 
-0.812748 
-0.869131 
-0.899722 
-0.932276 
-0.979009 
-1.03255 
-1.0673 
-1.04589 
-0.929426 
-0.689013 
-0.316061 
0.171259 
0.72705 
1.28282 
1.75801 
2.07394 
2.16866 
2.0095 
1.60098 
0.986089 
0.24072 
-0.538 
-1.24733 
-1.7956 
-2.11683 
-2.18069 
-1.99584 
-1.60642 
-1.08238 
-0.505792 
0.0441357 
0.504278 
0.83667 
1.0318 
1.10584 
1.09271 
1.03309 
0.962897 
0.903928 
0.858725 
0.810836 
0.730306 
0.583111 
0.34231 
-0.00173822 
-0.434595 
-0.916181 
-1.38514 
-1.76852 
-1.99503 
-2.00921 
-1.78364 
-1.32666 
-0.683673 
0.0683313 
0.832295 
1.50657 
2.00155 
2.25426 
2.23833 
1.96737 
1.49133 
0.88657 
0.241795 
-0.357502 
-0.84296 
-1.1731 
-1.33722 
-1.35299 
-1.25863 
-1.10161 
-0.926566 
-0.764994 
-0.629114 
-0.511015 
-0.387198 
-0.227316 
-0.00498719 
0.291944 
0.654201 
1.04882 
1.42262 
1.71099 
1.85031 
1.79148 
1.51179 
1.02243 
0.369918 
-0.369178 
-1.09947 
-1.72197 
-2.15051 
-2.3262 
-2.22732 
-1.87267 
-1.31775 
-0.64469 
0.0522155 
0.682524 
1.17413 
1.48356 
1.60039 
1.54503 
1.36096 
1.10309 
0.824979 
0.567677 
0.352527 
0.179274 
0.0297219 
-0.124142 
-0.309581 
-0.542689 
-0.820666 
-1.11875 
-1.39274 
-1.58678 
-1.64491 
-1.52398 
-1.20515 
-0.701276 
-0.058565 
0.648409 
1.32751 
1.88387 
2.23593 
2.32973 
2.14861 
1.71647 
1.09384 
0.367687 
-0.36339 
-1.00547 
-1.48425 
-1.75582 
-1.81132 
-1.67503 
-1.39641 
-1.03811 
-0.662563 
-0.319891 
-0.0397335 
0.17162 
0.328379 
0.457646 
0.58899 
0.743773 
0.926804 
1.12238 
1.29578 
1.4 
1.38646 
1.21725 
0.876308 
0.376849 
-0.236764 
-0.893516 
-1.50602 
-1.98478 
-2.25385 
-2.26473 
-2.00593 
-1.50604 
-0.829862 
-0.0679659 
0.678145 
1.31265 
1.76064 
1.97917 
1.96218 
1.73864 
1.36444 
0.910033 
0.446294 
0.0316735 
-0.296969 
-0.528091 
-0.673338 
-0.760336 
-0.822316 
-0.887081 
-0.967959 
-1.05888 
-1.1348 
-1.15737 
-1.08478 
-0.883411 
-0.538745 
-0.0628994 
0.503136 
1.09341 
1.62661 
2.01972 
2.20306 
2.13387 
1.80559 
1.25088 
0.537693 
-0.24112 
-0.982726 
-1.59101 
-1.99196 
-2.14492 
-2.0476 
-1.73424 
-1.26734 
-0.724843 
-0.185405 
0.285236 
0.644268 
0.87632 
0.991929 
1.02064 
1.00057 
0.96692 
0.942191 
0.93022 
0.915512 
0.867879 
0.751438 
0.535651 
0.206295 
-0.227388 
-0.728605 
-1.23943 
-1.68202 
-1.98951 
-2.07787 
-1.95983 
-1.51523 
-1.05953 
