-0.388819 
-0.557403 
-0.609052 
-0.394924 
0.0505618 
0.68211 
1.37913 
1.99959 
2.39691 
2.45715 
2.1231 
1.41065 
0.409402 
-0.731159 
-1.82821 
-2.6993 
-3.19676 
-3.23577 
-2.81058 
-1.9955 
-0.930538 
0.205409 
1.22845 
1.98383 
2.37356 
2.37212 
2.02731 
1.44653 
0.771509 
0.147105 
-0.309245 
-0.531015 
-0.514182 
-0.3147 
-0.0326469 
0.213322 
0.315499 
0.204096 
-0.134332 
-0.651153 
-1.24406 
-1.77798 
-2.11416 
-2.14132 
-1.80214 
-1.10932 
-0.147619 
0.93915 
1.97354 
2.7776 
3.20699 
3.17923 
2.69036 
1.81651 
0.700126 
-0.476624 
-1.5258 
-2.28833 
-2.66242 
-2.62027 
-2.20983 
-1.54169 
-0.764022 
-0.0309408 
0.528993 
0.837664 
0.880621 
0.706109 
0.410444 
0.113141 
-0.0726396 
-0.0677762 
0.153084 
0.554132 
1.04505 
1.50041 
1.78763 
1.79769 
1.47178 
0.818071 
-0.0852003 
-1.10143 
-2.06003 
-2.78872 
-3.14726 
-3.05578 
-2.51188 
-1.59281 
-0.442235 
0.755892 
1.81126 
2.56215 
2.90456 
2.80964 
2.3264 
1.56911 
0.692369 
-0.14084 
-0.791611 
-1.17131 
-1.25629 
-1.08845 
-0.76169 
-0.397637 
-0.116019 
-0.00617749 
-0.105989 
-0.392769 
-0.788157 
-1.17594 
-1.42899 
-1.4395 
-1.14582 
-0.550104 
0.277449 
1.20893 
2.08186 
2.73052 
3.01927 
2.87086 
2.2839 
1.33573 
0.169903 
-1.0295 
-2.07152 
-2.79346 
-3.09052 
-2.93393 
-2.3744 
-1.53003 
-0.561602 
0.359785 
1.08592 
1.51892 
1.62737 
1.44821 
1.07426 
0.630411 
0.243878 
0.0148526 
-0.00594617 
0.171907 
0.481652 
0.815634 
1.0512 
1.08053 
0.837777 
0.317607 
-0.419248 
-1.25485 
-2.03582 
-2.60367 
-2.8275 
-2.63237 
-2.01711 
-1.05795 
0.103244 
1.28393 
2.29424 
2.97208 
3.2131 
2.98948 
2.354 
1.42848 
0.379252 
-0.615427 
-1.39934 
-1.86681 
-1.98015 
-1.77277 
-1.33763 
-0.80389 
-0.306922 
0.0418814 
0.178956 
0.101098 
-0.135893 
-0.432007 
-0.667927 
-0.73451 
-0.56034 
-0.131218 
0.502853 
1.23495 
1.92152 
2.4116 
2.57897 
2.35033 
1.72374 
0.772927 
-0.363552 
-1.50644 
-2.46858 
-3.08992 
-3.26761 
-2.97538 
-2.26815 
-1.27103 
-0.155021 
0.895711 
1.71842 
2.2012 
2.30163 
2.05093 
1.54332 
0.912994 
0.303887 
-0.161368 
-0.406674 
-0.416677 
-0.237119 
0.0385252 
0.293012 
0.41456 
0.32485 
-0.000405705 
-0.522974 
-1.14771 
-1.74133 
-2.16041 
-2.28294 
-2.03648 
-1.41706 
-0.494397 
0.597909 
1.68555 
2.58564 
3.14133 
3.2521 
2.89354 
2.12246 
1.06656 
-0.0996272 
-1.1875 
-2.02938 
-2.50879 
-2.58002 
-2.27338 
-1.68523 
-0.955341 
-0.236306 
0.338273 
0.680388 
0.763441 
0.624229 
0.35095 
0.0600855 
-0.132647 
-0.140828 
0.07095 
0.477003 
0.994447 
1.50034 
1.85855 
1.95057 
1.70377 
1.11079 
0.235764 
-0.79429 
-1.81158 
-2.63879 
-3.1233 
-3.16742 
-2.74857 
-1.92498 
-0.825909 
0.371939 
1.47712 
2.31872 
2.77727 
2.80523 
2.43305 
1.75991 
0.931344 
0.108449 
-0.564806 
-0.989406 
-1.12865 
-1.01167 
-0.72273 
-0.378858 
-0.100906 
0.0155803 
-0.0767036 
-0.365119 
-0.779191 
-1.20614 
-1.51652 
-1.59445 
-1.36585 
-0.81855 
-0.00955863 
0.942254 
1.87699 
2.62402 
3.03562 
3.01718 
2.54763 
1.68583 
0.561372 
-0.648405 
-1.75091 
-2.5737 
-2.99589 
-2.96932 
-2.52544 
-1.76665 
-0.844194 
0.0728592 
0.831043 
1.32149 
1.49873 
1.38562 
1.06386 
0.652256 
0.277846 
0.046096 
0.0167131 
0.190281 
0.508581 
0.868494 
1.14644 
1.22805 
1.0365 
0.553322 
-0.173085 
-1.03338 
-1.87674 
-2.54004 
-2.88088 
-2.80761 
-2.30011 
-1.4168 
-0.286226 
0.915316 
1.99582 
2.78297 
3.15586 
3.06678 
2.54877 
1.70756 
0.699717 
-0.298522 
-1.12534 
-1.66337 
-1.85983 
-1.73279 
-1.36265 
-0.871144 
-0.392326 
-0.0421165 
0.107177 
0.0418841 
-0.191566 
-0.498949 
-0.761535 
-0.865219 
-0.729054 
-0.326876 
0.302889 
1.06162 
1.80848 
2.38838 
2.66434 
2.5473 
2.01723 
1.13088 
0.0141682 
-1.15933 
-2.19992 
-2.93695 
-3.25072 
-3.09478 
-2.50407 
-1.58745 
-0.50614 
0.557547 
1.43479 
2.00128 
2.19843 
2.04093 
1.60916 
1.02867 
0.441147 
-0.0268076 
-0.290399 
-0.32332 
-0.160955 
0.110371 
0.375589 
0.519557 
0.455852 
0.1493 
-0.37282 
-1.02355 
-1.67264 
-2.17331 
-2.39375 
-2.24685 
-1.71161 
-0.841678 
0.241251 
1.36805 
2.35292 
3.02826 
3.27661 
3.05328 
2.39513 
1.41365 
0.273742 
-0.837503 
-1.74582 
-2.32152 
-2.50183 
-2.29939 
-1.7956 
-1.12056 
-0.423887 
0.157199 
0.52585 
0.643865 
0.53658 
0.283594 
-0.00239941 
-0.203901 
-0.227739 
-0.0285837 
0.378377 
0.918503 
1.47246 
1.90167 
2.07902 
1.91843 
1.39671 
0.562893 
-0.467191 
-1.53048 
-2.44657 
-3.05205 
-3.23243 
-2.94502 
-2.22833 
-1.19567 
-0.0144281 
1.12504 
2.04466 
2.61106 
2.75873 
2.49949 
1.91665 
1.14527 
0.342915 
-0.342959 
-0.804185 
-0.991676 
-0.921913 
-0.669075 
-0.344805 
-0.0702239 
0.0536116 
-0.0297182 
-0.317784 
-0.748621 
-1.21381 
-1.58258 
-1.73179 
-1.57529 
-1.08629 
-0.307728 
0.652057 
1.63756 
2.47503 
3.00617 
3.11988 
2.77544 
2.01239 
0.944836 
-0.258763 
-1.40642 
-2.318 
-2.85802 
-2.95966 
-2.63495 
-1.96969 
-1.10406 
-0.203294 
0.575621 
1.1142 
1.35371 
1.30311 
1.03255 
0.653903 
0.293075 
0.0599489 
0.0227111 
0.192063 
0.518755 
0.90497 
1.2271 
1.36498 
1.23116 
0.793865 
0.0883495 
-0.785976 
-1.68249 
-2.43511 
-2.89127 
-2.94341 
-2.55241 
-1.758 
-0.673809 
0.532203 
1.66814 
2.55348 
3.05222 
3.09738 
2.70206 
1.95486 
1.00094 
0.0125654 
-0.844697 
-1.4433 
-1.71626 
-1.66647 
-1.36139 
-0.914379 
-0.457091 
-0.108945 
0.0497168 
-0.00499684 
-0.236272 
-0.556295 
-0.847734 
-0.992249 
-0.899775 
-0.532091 
0.0846206 
0.861212 
1.66102 
2.32638 
2.71076 
2.71001 
2.28593 
1.47738 
0.396053 
-0.792237 
-1.89743 
-2.74024 
-3.18553 
-3.1672 
-2.69991 
-1.87512 
-0.842486 
0.21956 
1.13812 
1.77802 
2.06552 
1.99895 
1.6444 
1.11775 
0.557202 
0.0921277 
-0.18489 
-0.237031 
-0.0892493 
0.17979 
0.457939 
0.627432 
0.594224 
0.312292 
-0.202542 
-0.872486 
-1.57165 
-2.15122 
-2.47072 
-2.42893 
-1.98771 
-1.18375 
-0.125284 
1.02575 
2.0828 
2.86936 
3.25228 
3.16714 
2.63039 
1.73606 
0.637592 
-0.481608 
-1.44273 
-2.10455 
-2.38817 
-2.28876 
-1.87224 
-1.25792 
-0.591036 
-0.0110478 
0.377456 
0.525293 
0.446406 
0.211386 
-0.0715735 
-0.28397 
-0.326459 
-0.14397 
0.259115 
0.817198 
1.41567 
1.9147 
2.17958 
2.1113 
1.67069 
0.890844 
-0.125102 
-1.22073 
-2.21456 
-2.93419 
-3.24945 
-3.09801 
-2.49809 
-1.54573 
-0.397076 
0.760817 
1.74484 
2.40936 
2.6719 
2.5258 
2.03786 
1.33143 
0.559017 
-0.13001 
-0.619605 
-0.849077 
-0.822444 
-0.60346 
-0.297677 
-0.0256396 
0.106784 
0.0344145 
-0.250647 
-0.695536 
-1.19713 
-1.6244 
-1.84783 
-1.76969 
-1.3485 
-0.612255 
0.342585 
1.36672 
2.28517 
2.93071 
3.17681 
2.96341 
2.31015 
1.31422 
0.133242 
-1.04367 
-2.03077 
-2.67972 
-2.90591 
-2.70209 
-2.13673 
-1.33758 
-0.46434 
0.324205 
0.901394 
1.19613 
1.20378 
0.982608 
0.63686 
0.290359 
0.0565632 
0.0115986 
0.176199 
0.510473 
0.92267 
1.29008 
1.48757 
1.41757 
1.03488 
0.360942 
-0.516041 
-1.45531 
-2.28957 
-2.8576 
-3.0369 
-2.76955 
-2.07594 
-1.05333 
0.140636 
1.31644 
2.28746 
2.90422 
3.08139 
2.81212 
2.16706 
1.27848 
0.312843 
-0.562424 
-1.21115 
-1.55315 
-1.57655 
-1.33552 
-0.934289 
-0.501064 
-0.157753 
0.00799697 
-0.0376349 
-0.267645 
-0.601236 
-0.923288 
-1.11202 
-1.06873 
-0.743157 
-0.14866 
0.636203 
1.48045 
2.2254 
2.71639 
2.83498 
2.52499 
1.80666 
0.776027 
-0.410862 
-1.5658 
-2.50295 
-3.07327 
-3.19187 
-2.85303 
-2.12988 
-1.15893 
-0.112758 
0.833661 
1.53597 
1.90637 
1.92721 
1.64996 
1.18002 
0.650913 
0.193601 
-0.0924715 
-0.160461 
-0.0248776 
0.243734 
0.536879 
0.734938 
0.736783 
0.485651 
-0.0145186 
-0.696047 
-1.43871 
-2.0931 
-2.51131 
-2.57878 
-2.24032 
-1.51491 
-0.495908 
0.663888 
1.77931 
2.66694 
3.17948 
3.23346 
2.82476 
2.02895 
0.986261 
-0.125628 
-1.12547 
-1.86224 
-2.24206 
-2.24304 
-1.91525 
-1.36627 
-0.735633 
-0.1637 
0.238329 
0.410969 
0.356922 
0.137428 
-0.144497 
-0.370119 
-0.434538 
-0.273185 
0.120624 
0.691085 
1.32944 
1.89588 
2.24921 
2.27817 
1.92767 
1.21414 
0.226659 
-0.886878 
-1.94599 
-2.77117 
-3.21797 
-3.20504 
-2.73005 
-1.87066 
-0.769977 
0.390402 
1.42448 
2.17617 
2.54716 
2.51273 
2.12271 
1.48771 
0.753691 
0.0704341 
-0.439453 
-0.704525 
-0.716629 
-0.528847 
-0.23999 
0.0307797 
0.173504 
0.114637 
-0.164117 
-0.619552 
-1.15478 
-1.63961 
-1.93918 
-1.94479 
-1.60027 
-0.918085 
0.0185291 
1.06824 
2.05678 
2.80977 
3.18657 
3.10828 
2.57429 
1.66369 
0.521403 
-0.66852 
-1.71695 
-2.46444 
-2.80979 
-2.72678 
-2.26602 
-1.54171 
-0.706355 
0.0811196 
0.687355 
1.02991 
1.09094 
0.916677 
0.603058 
0.270969 
0.0365924 
-0.0165686 
0.142122 
0.482483 
0.919584 
1.33257 
1.59227 
1.59152 
1.27184 
0.640231 
-0.227502 
-1.1981 
-2.10485 
-2.77954 
-3.08589 
-2.94762 
-2.36535 
-1.41874 
-0.253194 
0.946347 
1.98934 
2.71466 
3.01971 
2.87796 
2.3415 
1.52842 
0.597636 
-0.283404 
-0.971533 
-1.3745 
-1.46613 
-1.28719 
-0.932084 
-0.524618 
-0.188204 
-0.0170404 
-0.0545437 
-0.283673 
-0.631221 
-0.985117 
-1.22096 
-1.23202 
-0.956092 
-0.39323 
0.389648 
1.26872 
2.08595 
2.68004 
2.91935 
2.73001 
2.1132 
1.148 
-0.0211902 
-1.21022 
-2.22888 
-2.91596 
-3.16881 
-2.96152 
-2.3482 
-1.45079 
-0.434125 
0.526697 
1.2799 
1.72481 
1.82839 
1.62736 
1.21586 
0.721696 
0.276276 
-0.0150402 
-0.0959238 
0.0295194 
0.29928 
0.609241 
0.838717 
0.880103 
0.666089 
0.188382 
-0.496342 
-1.27484 
-1.99858 
-2.51362 
-2.69298 
-2.46468 
-1.82953 
-0.864689 
0.288037 
1.44703 
2.42407 
3.05937 
3.25137 
2.97548 
2.288 
1.31442 
0.224714 
-0.799509 
-1.59927 
-2.06702 
-2.16436 
-1.92536 
-1.44506 
-0.856112 
-0.29845 
0.111242 
0.303909 
0.271235 
0.0648306 
-0.218104 
-0.459378 
-0.549186 
-0.413765 
-0.0351705 
0.541296 
1.21386 
1.84403 
2.28536 
2.41521 
2.16276 
1.52727 
0.582509 
-0.533955 
-1.64473 
-2.5652 
-3.13826 
-3.26435 
-2.92064 
-2.16547 
-1.12732 
0.0197725 
1.08907 
1.91594 
2.38757 
2.46172 
2.17108 
1.61261 
0.924407 
0.255162 
-0.267261 
-0.561586 
-0.607863 
-0.448352 
-0.17451 
0.0965958 
0.251809 
0.209271 
-0.0588163 
-0.521582 
-1.08418 
-1.63055 
-1.99281 
-2.1202 
-1.78064 
-1.35298 
