-0.0718838 
-0.123406 
-0.172249 
-0.206538 
-0.225179 
-0.225895 
-0.208722 
-0.174939 
-0.127238 
-0.0694053 
-0.00604686 
0.0577922 
0.117027 
0.166939 
0.203553 
0.223952 
0.226511 
0.211027 
0.178732 
0.132199 
0.0751354 
0.0120866 
-0.051925 
-0.1118 
-0.16277 
-0.200773 
-0.222783 
-0.227046 
-0.213222 
-0.182414 
-0.137074 
-0.0808156 
-0.0181192 
0.0460206 
0.106494 
0.158485 
0.197851 
0.221456 
0.22742 
0.215268 
0.185967 
0.141853 
0.0864389 
0.024139 
-0.0400838 
-0.101114 
-0.154089 
-0.194789 
-0.219973 
-0.227634 
-0.217161 
-0.18939 
-0.146532 
-0.0920013 
-0.0301419 
0.0341186 
0.0956613 
0.149584 
0.19159 
0.218335 
0.227687 
0.218902 
0.192679 
0.151107 
0.0974988 
0.0361234 
-0.0281295 
-0.0901416 
-0.144973 
-0.188256 
-0.216543 
-0.22758 
-0.220488 
-0.195832 
-0.155576 
-0.102928 
-0.0420796 
0.0221204 
0.0845583 
0.14026 
0.184789 
0.214598 
0.227312 
0.221919 
0.198847 
0.159936 
0.108284 
0.048006 
-0.0160958 
-0.0789155 
-0.135449 
-0.181192 
-0.212502 
-0.226884 
-0.223193 
-0.201722 
-0.164182 
-0.113564 
-0.0538986 
0.0100599 
0.073217 
0.130542 
0.177467 
0.210256 
0.226296 
0.22431 
0.204454 
0.168313 
0.118763 
0.0597532 
-0.00401681 
-0.0674668 
-0.125542 
-0.173617 
-0.207862 
-0.225549 
-0.225268 
-0.207043 
-0.172325 
-0.123879 
-0.0655656 
-0.00202907 
0.0616691 
0.120455 
0.169645 
0.205322 
0.224642 
0.226068 
0.209485 
0.176215 
0.128908 
0.0713319 
0.00807353 
-0.0558279 
-0.115282 
-0.165553 
-0.202636 
-0.223577 
-0.226708 
-0.21178 
-0.179982 
-0.133846 
-0.0770478 
-0.0141123 
0.0499474 
0.110028 
0.161344 
0.199808 
0.222355 
0.227189 
0.213926 
0.183621 
0.138689 
0.0827094 
0.0201411 
-0.0440316 
-0.104697 
-0.157022 
-0.196839 
-0.220975 
-0.227509 
-0.21592 
-0.187131 
-0.143435 
-0.0883127 
-0.0261557 
0.0380848 
0.0992915 
0.152589 
0.193731 
0.21944 
0.227669 
0.217763 
0.190509 
0.148079 
0.0938537 
0.0321519 
-0.0321111 
-0.0938162 
-0.148048 
-0.190486 
-0.21775 
-0.227669 
-0.219451 
-0.193752 
-0.152619 
-0.0993285 
-0.0381254 
0.0261148 
0.0882747 
0.143403 
0.187107 
0.215907 
0.227508 
0.220985 
0.196859 
0.157052 
0.104733 
0.044072 
-0.0201001 
-0.082671 
-0.138656 
-0.183597 
-0.213911 
-0.227186 
-0.222364 
-0.199828 
-0.161373 
-0.110064 
-0.0499875 
0.0140712 
0.077009 
0.133812 
0.179956 
0.211765 
0.226705 
0.223585 
0.202655 
0.165581 
0.115318 
0.0558678 
-0.00803237 
-0.0712927 
-0.128874 
-0.176189 
-0.209469 
-0.226063 
-0.224649 
-0.205339 
-0.169673 
-0.12049 
-0.0617088 
0.00198789 
0.0655262 
0.123845 
0.172298 
0.207026 
0.225262 
0.225554 
0.207879 
0.173644 
0.125577 
0.0675061 
0.00405799 
-0.0597134 
-0.118728 
-0.168285 
-0.204436 
-0.224302 
-0.226301 
-0.210272 
-0.177493 
-0.130575 
-0.0732559 
-0.010101 
0.0538586 
0.113528 
0.164153 
0.201703 
0.223185 
0.226888 
0.212517 
0.181217 
0.135482 
0.0789541 
0.0161369 
-0.0479657 
-0.108247 
-0.159906 
-0.198827 
-0.221909 
-0.227314 
-0.214612 
-0.184813 
-0.140293 
-0.0845966 
-0.0221614 
0.0420391 
0.102891 
0.155546 
0.195811 
0.220478 
0.227581 
0.216555 
0.188279 
0.145005 
0.0901794 
0.0281703 
-0.0360828 
-0.0974616 
-0.151077 
-0.192657 
-0.21889 
-0.227687 
-0.218346 
-0.191612 
-0.149615 
-0.0956986 
-0.0341594 
0.0301011 
0.0919636 
0.1465 
0.189367 
0.217149 
0.227633 
0.219983 
0.19481 
0.154119 
0.10115 
0.0401243 
-0.0240981 
-0.0864008 
-0.141821 
-0.185944 
-0.215254 
-0.227418 
-0.221465 
-0.197871 
-0.158515 
-0.106531 
-0.046061 
0.0180781 
0.0807771 
0.137041 
0.182389 
0.213208 
0.227043 
0.222791 
0.200792 
0.162798 
0.111836 
0.0519651 
-0.0120454 
-0.0750965 
-0.132165 
-0.178706 
-0.211011 
-0.226507 
-0.22396 
-0.203572 
-0.166968 
-0.117063 
-0.0578327 
0.00600424 
0.0693629 
0.127196 
0.174897 
0.208666 
0.225812 
0.22497 
0.206208 
0.171019 
0.122207 
0.0636594 
4.11813e-05 
-0.0635804 
-0.122137 
-0.170965 
-0.206173 
-0.224958 
-0.225823 
-0.208699 
-0.17495 
-0.127264 
-0.0694413 
-0.00608658 
0.057753 
0.116992 
0.166912 
0.203535 
0.223945 
0.226516 
0.211042 
0.178757 
0.132232 
0.0751742 
0.0121277 
-0.0518849 
-0.111764 
-0.162741 
-0.200753 
-0.222774 
-0.227049 
-0.213237 
-0.182438 
-0.137107 
-0.0808541 
-0.0181602 
0.0459803 
0.106458 
0.158455 
0.19783 
0.221446 
0.227422 
0.215281 
0.185991 
0.141885 
0.086477 
0.02418 
-0.0400432 
-0.101077 
-0.154058 
-0.194768 
-0.219962 
-0.227635 
-0.217174 
-0.189413 
-0.146563 
-0.092039 
-0.0301827 
0.0340779 
0.0956239 
0.149553 
0.191568 
0.218323 
0.227687 
0.218913 
0.192701 
0.151138 
0.097536 
0.0361641 
-0.0280886 
-0.0901038 
-0.144941 
-0.188233 
-0.21653 
-0.227578 
-0.220498 
-0.195853 
-0.155606 
-0.102964 
-0.04212 
0.0220795 
0.0845201 
0.140228 
0.184765 
0.214584 
0.22731 
0.221928 
0.198867 
0.159965 
0.10832 
0.0480462 
-0.0160548 
-0.0788768 
-0.135416 
-0.181167 
-0.212487 
-0.226881 
-0.223201 
-0.201741 
-0.164211 
-0.113599 
-0.0539386 
0.0100187 
0.073178 
0.130508 
0.177442 
0.21024 
0.226292 
0.224317 
0.204473 
0.16834 
0.118798 
0.0597929 
-0.00397564 
-0.0674275 
-0.125508 
-0.173591 
-0.207845 
-0.225543 
-0.225274 
-0.20706 
-0.172352 
-0.123914 
-0.0656051 
-0.00207025 
0.0616295 
0.12042 
0.169618 
0.205304 
0.224636 
0.226073 
0.209502 
0.176241 
0.128942 
0.071371 
0.00811469 
-0.055788 
-0.115247 
-0.165525 
-0.202617 
-0.22357 
-0.226712 
-0.211795 
-0.180007 
-0.133879 
-0.0770865 
-0.0141534 
0.0499072 
0.109992 
0.161315 
0.199788 
0.222346 
0.227192 
0.21394 
0.183645 
0.138722 
0.0827478 
0.0201821 
-0.0439912 
-0.10466 
-0.156992 
-0.196818 
-0.220966 
-0.227511 
-0.215933 
-0.187154 
-0.143467 
-0.0883506 
-0.0261966 
0.0380442 
0.0992544 
0.152558 
0.193709 
0.219429 
0.22767 
0.217775 
0.190531 
0.14811 
0.0938912 
0.0321927 
-0.0320703 
-0.0937786 
-0.148017 
-0.190464 
-0.217738 
-0.227668 
-0.219462 
-0.193774 
-0.15265 
-0.0993656 
-0.038166 
0.0260739 
0.0882368 
0.143371 
0.187084 
0.215894 
0.227506 
0.220995 
0.19688 
0.157082 
0.10477 
0.0441124 
-0.0200591 
-0.0826326 
-0.138624 
-0.183572 
-0.213897 
-0.227184 
-0.222372 
-0.199847 
-0.161402 
-0.1101 
-0.0500277 
0.0140301 
0.0769703 
0.133779 
0.179931 
0.21175 
0.226701 
0.223593 
0.202674 
0.16561 
0.115353 
0.0559078 
-0.00799122 
-0.0712536 
-0.12884 
-0.176163 
-0.209453 
-0.226058 
-0.224656 
-0.205357 
-0.1697 
-0.120525 
-0.0617484 
0.00194671 
0.0654867 
0.12381 
0.172271 
0.207009 
0.225256 
0.22556 
0.207896 
0.173671 
0.125611 
0.0675455 
0.00409916 
-0.0596737 
-0.118693 
-0.168257 
-0.204418 
-0.224295 
-0.226305 
-0.210288 
-0.177519 
-0.130609 
-0.0732949 
-0.0101421 
0.0538186 
0.113492 
0.164125 
0.201684 
0.223176 
0.226891 
0.212532 
0.181242 
0.135515 
0.0789927 
0.016178 
-0.0479255 
-0.108211 
-0.159877 
-0.198807 
-0.2219 
-0.227317 
-0.214626 
-0.184837 
-0.140325 
-0.0846348 
-0.0222024 
0.0419986 
0.102854 
0.155516 
0.19579 
0.220467 
0.227582 
0.216568 
0.188302 
0.145037 
0.0902172 
0.0282112 
-0.0360421 
-0.0974243 
-0.151046 
-0.192635 
-0.218879 
-0.227687 
-0.218358 
-0.191635 
-0.149646 
-0.095736 
-0.0342001 
0.0300602 
0.0919259 
0.146469 
0.189344 
0.217136 
0.227632 
0.219994 
0.194832 
0.154149 
0.101187 
0.0401648 
-0.0240571 
-0.0863627 
-0.141789 
-0.18592 
-0.215241 
-0.227416 
-0.221475 
-0.197891 
-0.158544 
-0.106567 
-0.0461013 
0.0180371 
0.0807386 
0.137009 
0.182365 
0.213193 
0.227039 
0.2228 
0.200812 
0.162827 
0.111872 
0.0520052 
-0.0120043 
-0.0750576 
-0.132132 
-0.178681 
-0.210996 
-0.226503 
-0.223967 
-0.20359 
-0.166996 
-0.117098 
-0.0578725 
0.00596308 
0.0693236 
0.127162 
0.174871 
0.208649 
0.225807 
0.224977 
0.206225 
0.171046 
0.122241 
0.063699 
8.23625e-05 
-0.0635408 
-0.122102 
-0.170937 
-0.206155 
-0.224951 
-0.225828 
-0.208715 
-0.174976 
-0.127299 
-0.0694805 
-0.00612774 
0.0577132 
0.116957 
0.166884 
0.203516 
0.223937 
0.22652 
0.211057 
0.178783 
0.132266 
0.0752131 
0.0121688 
-0.0518448 
-0.111729 
-0.162712 
-0.200734 
-0.222766 
-0.227052 
-0.213251 
-0.182463 
-0.13714 
-0.0808926 
-0.0182013 
0.04594 
0.106422 
0.158426 
0.19781 
0.221437 
0.227424 
0.215294 
0.186015 
0.141918 
0.0865151 
0.0242209 
-0.0400027 
-0.10104 
-0.154028 
-0.194746 
-0.219952 
-0.227635 
-0.217186 
-0.189436 
-0.146595 
-0.0920766 
-0.0302235 
0.0340372 
0.0955865 
0.149521 
0.191546 
0.218311 
0.227687 
0.218924 
0.192723 
0.151169 
0.0975732 
0.0362048 
-0.0280477 
-0.0900659 
-0.14491 
-0.18821 
-0.216517 
-0.227577 
-0.220508 
-0.195874 
-0.155636 
-0.103001 
-0.0421605 
0.0220385 
0.0844819 
0.140195 
0.184741 
0.214571 
0.227307 
0.221937 
0.198887 
0.159994 
0.108356 
0.0480865 
-0.0160137 
-0.0788382 
-0.135383 
-0.181142 
-0.212472 
-0.226877 
-0.223209 
-0.20176 
-0.164239 
-0.113635 
-0.0539786 
0.00997758 
0.073139 
0.130474 
0.177416 
0.210225 
0.226287 
0.224324 
0.204491 
0.168368 
0.118834 
0.0598326 
-0.00393446 
-0.0673882 
-0.125474 
-0.173564 
-0.207829 
-0.225537 
-0.22528 
-0.207077 
-0.172379 
-0.123948 
-0.0656445 
-0.00211143 
0.0615898 
0.120385 
0.16959 
0.205286 
0.224629 
0.226078 
0.209518 
0.176267 
0.128976 
0.0714101 
0.00815584 
-0.0557481 
-0.115211 
-0.165497 
-0.202599 
-0.223562 
-0.226716 
-0.21181 
-0.180032 
-0.133912 
-0.0771253 
-0.0141945 
0.049867 
0.109956 
0.161286 
0.199768 
0.222337 
0.227194 
0.213954 
0.18367 
0.138754 
0.0827861 
0.0202231 
-0.0439508 
-0.104624 
-0.156962 
-0.196797 
-0.220956 
-0.227513 
-0.215946 
-0.187178 
-0.143499 
-0.0883886 
-0.0262375 
0.0380036 
0.0992174 
0.152528 
0.193687 
0.219418 
0.22767 
0.217787 
0.190554 
0.148142 
0.0939287 
0.0322334 
-0.0320296 
-0.0937411 
-0.147985 
-0.190441 
-0.217726 
-0.227668 
-0.219473 
-0.193796 
-0.15268 
-0.0994026 
-0.0382066 
0.026033 
0.0881988 
0.143339 
0.18706 
0.215881 
0.227504 
0.221005 
0.196901 
0.157111 
0.104806 
0.0441528 
-0.020018 
-0.0825943 
-0.138591 
-0.183548 
-0.213883 
-0.227181 
-0.222381 
-0.199867 
-0.161432 
-0.110136 
-0.0500679 
0.013989 
0.0769315 
0.133746 
0.179906 
0.211735 
0.226697 
0.223601 
0.202692 
0.165638 
0.115389 
0.0559477 
-0.00795006 
-0.0712145 
-0.128806 
-0.176137 
-0.209437 
-0.226053 
-0.224662 
-0.205375 
-0.169727 
-0.12056 
-0.061788 
0.00190554 
0.0654473 
0.123776 
0.172244 
0.206991 
0.22525 
0.225566 
0.207913 
0.173697 
0.125646 
0.0675848 
0.00414034 
-0.0596339 
-0.118658 
-0.168229 
-0.2044 
-0.224288 
-0.22631 
-0.210304 
-0.177545 
-0.130643 
-0.0733339 
-0.0101833 
0.0537785 
0.113456 
0.164096 
0.201665 
0.223168 
0.226894 
0.212546 
0.181267 
0.135548 
0.0790313 
0.0162191 
-0.0478852 
-0.108175 
-0.159848 
-0.198787 
-0.221891 
-0.227319 
-0.214639 
-0.184861 
-0.140357 
-0.0846724 
-0.022242 
0.0419613 
0.102824 
0.155502 
0.195805 
0.220538 
0.227769 
0.216992 
0.189282 
0.147134 
0.0952431 
0.0384188 
-0.00928474 
-0.0498232 
